delf1v = -120*m^3*h-36*n^4-3/10
delf1m = -360*m^2*h*(V-115)
delf1h = -120*m^3*(V-115)
delf1n = -144*n^3*(V+12)

delf2v = -1/10/(exp(5/2-1/10*V)-1)*(1-m)+1/10*(5/2-1/10*V)/(exp(5/2-1/10*V)-1)^2*(1-m)*exp(5/2-1/10*V)+2/9*m*exp(-1/18*V)
delf2m = -(5/2-1/10*V)/(exp(5/2-1/10*V)-1)-4*exp(-1/18*V)
delf2h = 0
delf2n = 0

delf3v = -7/2000*exp(-1/20*V)*(1-h)-1/10/(exp(3-1/10*V)+1)^2*h*exp(3-1/10*V)
delf3m = 0
delf3h = -7/100*exp(-1/20*V)-1/(exp(3-1/10*V)+1)
delf3n = 0
 
delf4v = -1/100/(exp(1-1/10*V)-1)*(1-n)+1/10*(1/10-1/100*V)/(exp(1-1/10*V)-1)^2*(1-n)*exp(1-1/10*V)+1/640*n*exp(-1/80*V)
delf4m = 0
delf4h = 0
delf4n = -(1/10-1/100*V)/(exp(1-1/10*V)-1)-1/8*exp(-1/80*V)

